[ENCLOSING SPHERE (X,Y,Z,R)]
        2.811048e+01
        4.246276e+01
       -2.604051e+00
        2.757522e+01
[NR OF GAUSSIANS]
8
[SURFACE LEVEL]
        2.500000e-01
[GAUSSIAN CENTERS]
        4.049206e+01         4.120056e+01        -4.342687e+00
        3.291512e+01         4.198727e+01         2.408173e+00
        2.483090e+01         4.525265e+01         8.792683e+00
        2.944715e+01         3.877247e+01        -1.461648e+01
        1.948914e+01         5.140298e+01        -6.499515e+00
        1.887077e+01         3.170314e+01        -2.163392e+00
        3.137725e+01         6.051177e+01        -2.694766e+00
        3.095567e+01         2.341825e+01        -3.203508e+00
[GAUSSIAN VARIANCES]
        1.066847e+02         5.570997e+01         3.408327e+01
        9.620155e+01         4.978212e+01         4.298752e+01
        1.186418e+02         5.666343e+01         3.114116e+01
        1.002525e+02         4.535254e+01         3.523500e+01
        6.710906e+01         5.708800e+01         3.730135e+01
        6.766227e+01         5.235871e+01         3.957279e+01
        6.461453e+01         5.661911e+01         3.779382e+01
        6.948860e+01         5.776020e+01         3.634087e+01
[GAUSSIAN ORIENTATIONS]
       -9.476901e-03         2.296559e-01         9.732257e-01
       -9.813732e-01         1.846204e-01        -5.312184e-02
        1.918771e-01         9.556011e-01        -2.236285e-01
       -1.302624e-01         9.299047e-01         3.439608e-01
       -9.767685e-01        -6.082066e-02        -2.054850e-01
        1.701615e-01         3.627370e-01        -9.162243e-01
       -2.502276e-02         9.559947e-01         2.923148e-01
       -9.969378e-01        -2.193095e-03        -7.816761e-02
        7.408675e-02         2.933757e-01        -9.531222e-01
       -1.887869e-01         9.803440e-01         5.731616e-02
       -9.820087e-01        -1.887183e-01        -6.656884e-03
       -4.290573e-03         5.754170e-02        -9.983339e-01
       -1.729064e-01         3.741701e-01        -9.110983e-01
       -9.843901e-01        -9.650721e-02         1.471820e-01
        3.285647e-02        -9.223248e-01        -3.850160e-01
        9.746247e-03        -1.695285e-01         9.854771e-01
        8.984639e-01        -4.311211e-01        -8.305009e-02
       -4.389393e-01        -8.862250e-01        -1.481134e-01
       -1.224358e-01         9.578765e-01         2.597730e-01
        5.772836e-03        -2.610504e-01         9.653079e-01
       -9.924596e-01        -1.196879e-01        -2.643226e-02
        3.729108e-01         8.838576e-01         2.823708e-01
        3.792659e-02         2.895484e-01        -9.564117e-01
        9.270918e-01        -3.673656e-01        -7.445400e-02
