[ENCLOSING SPHERE (X,Y,Z,R)]
        2.933472e+01
        2.357368e+01
        2.373997e+01
        2.750780e+01
[NR OF GAUSSIANS]
8
[SURFACE LEVEL]
        2.500000e-01
[GAUSSIAN CENTERS]
        2.925063e+01         4.112018e+01         2.115908e+01
        2.174087e+01         1.042044e+01         3.016205e+01
        2.053104e+01         3.104404e+01         3.180687e+01
        3.220020e+01         6.142297e+00         1.855477e+01
        1.816893e+01         2.578119e+01         1.629138e+01
        3.281453e+01         2.364410e+01         1.919524e+01
        3.433901e+01         3.253758e+01         3.708882e+01
        3.968609e+01         1.629264e+01         2.989482e+01
[GAUSSIAN VARIANCES]
        6.413549e+01         5.053206e+01         3.519731e+01
        6.264067e+01         5.108439e+01         3.481108e+01
        7.532331e+01         4.679582e+01         3.523262e+01
        6.753133e+01         5.011551e+01         3.555364e+01
        8.631052e+01         4.642155e+01         3.248389e+01
        5.255326e+01         4.730726e+01         4.035204e+01
        6.219754e+01         4.701966e+01         4.000635e+01
        7.532578e+01         4.803907e+01         3.594661e+01
[GAUSSIAN ORIENTATIONS]
       -8.166040e-01         3.973589e-01         4.186452e-01
        1.106581e-01        -6.040742e-01         7.892079e-01
       -5.664915e-01        -6.907968e-01        -4.493185e-01
        7.022800e-01         4.553251e-01        -5.472493e-01
        4.169621e-01        -8.861451e-01        -2.022113e-01
        5.770142e-01         8.617322e-02         8.121754e-01
       -2.582834e-01        -5.755823e-01        -7.758832e-01
       -9.614288e-01         2.317693e-01         1.481135e-01
       -9.457442e-02        -7.842117e-01         6.132435e-01
        9.982569e-01        -5.775474e-02         1.214530e-02
        4.633284e-02         6.394517e-01        -7.674339e-01
       -3.655661e-02        -7.666590e-01        -6.410130e-01
       -1.648995e-01        -7.079728e-01         6.867188e-01
       -9.628472e-01         2.665114e-01         4.355472e-02
        2.138539e-01         6.540231e-01         7.256172e-01
       -4.097600e-01        -7.371468e-01         5.373187e-01
       -8.691395e-01         1.366713e-01        -4.753078e-01
       -2.769356e-01         6.617670e-01         6.966858e-01
       -1.657962e-01        -7.524579e-01         6.374313e-01
       -9.830796e-01         1.771600e-01        -4.657039e-02
        7.788505e-02         6.343670e-01         7.690985e-01
       -2.278319e-01        -6.238779e-01         7.475754e-01
       -9.735063e-01         1.612815e-01        -1.620918e-01
        1.944453e-02         7.646991e-01         6.440941e-01
