[MINIMUM WATER SHELL THICKNESS]
        5.000000e+00
[ENCLOSING SPHERE (X,Y,Z,R)]
        2.883996e+01
        4.055265e+01
       -7.364672e-01
        2.750744e+01
[NR OF GAUSSIANS]
8
[SURFACE LEVEL]
        2.500000e-01
[GAUSSIAN HEIGHTS]
        9.917530e-01
        1.011967e+00
        1.011235e+00
        9.848793e-01
        9.880239e-01
        9.981587e-01
        1.000471e+00
        1.014434e+00
[GAUSSIAN CENTERS]
        2.729068e+01         3.959052e+01        -1.326416e+01
        2.816635e+01         2.381950e+01        -6.119089e+00
        3.114065e+01         5.803687e+01        -1.333242e+00
        3.498054e+01         3.154112e+01         7.386612e-01
        2.997755e+01         4.410389e+01         7.776954e+00
        4.014399e+01         4.415904e+01        -6.222439e+00
        2.166557e+01         4.943569e+01        -3.347736e+00
        1.676283e+01         3.498414e+01         1.645364e-01
[GAUSSIAN VARIANCES]
        1.642608e+02         1.011523e+02         6.074366e+01
        1.487323e+02         8.659974e+01         6.942453e+01
        1.339811e+02         9.906580e+01         6.766317e+01
        1.310887e+02         1.137898e+02         7.054490e+01
        1.834835e+02         9.179800e+01         6.129102e+01
        1.710088e+02         8.938636e+01         6.352499e+01
        1.229540e+02         8.949324e+01         8.703080e+01
        1.549708e+02         8.616764e+01         6.599249e+01
[GAUSSIAN ORIENTATIONS]
       -1.873248e-01         9.749550e-01         1.198837e-01
        9.792293e-01         1.949831e-01        -5.560161e-02
        7.758436e-02        -1.069781e-01         9.912297e-01
       -7.090859e-01        -6.878421e-01         1.551467e-01
       -1.545275e-01         3.662674e-01         9.175889e-01
        6.879814e-01        -6.266750e-01         3.660055e-01
       -7.913741e-01        -5.807075e-01        -1.910650e-01
        1.234199e-01         1.543387e-01        -9.802791e-01
       -5.987441e-01         7.993487e-01         5.046876e-02
        6.453125e-01         3.294582e-01         6.892236e-01
        6.620414e-01        -6.913421e-01        -2.893912e-01
       -3.811470e-01        -6.430423e-01         6.642466e-01
        4.675595e-01         8.773622e-01         1.078130e-01
        8.834615e-01        -4.597041e-01        -9.037659e-02
        2.973092e-02        -1.375051e-01         9.900548e-01
        1.989266e-02         4.719716e-01        -8.813893e-01
        9.096646e-01        -3.743480e-01        -1.799273e-01
        4.148669e-01         7.981894e-01         4.367826e-01
       -1.908290e-01        -1.483056e-01         9.703555e-01
        9.530674e-01        -2.646902e-01         1.469749e-01
       -2.350464e-01        -9.528612e-01        -1.918558e-01
       -1.040722e-01         1.998111e-01         9.742918e-01
        9.280613e-01        -3.327026e-01         1.673657e-01
       -3.575909e-01        -9.216206e-01         1.508119e-01
